99874 213 1389
99899 592 699
99933 303 1636
99954 665 1902
99794 997 1038
99910 651 939
99741 462 530
99822 3 897
99953 1498 1962
99872 20 660
972 10 18
942 25 33
905 6 13
991 7 30
996 13 29
971 1 2
961 35 39
878 20 21
971 22 24
961 13 19
951 47 58
979 24 59
993 62 82
996 26 80
952 31 87
960 41 42
942 60 70
988 10 67
960 24 25
982 36 51
9976 153 431
9985 55 223
9971 142 547
9947 577 588
9883 440 645
9991 401 684
9976 96 129
9965 188 545
9989 181 205
9982 383 500
99943 4073 4202
99918 2231 2701
99974 4047 4314
99952 218 4086
99951 131 4416
99915 50 558
99858 1331 4628
99953 1061 4974
99896 315 536
99918 716 3331
9944 33 333
9934 278 347
9976 143 219
9961 92 235
9932 21 267
9992 307 405
9952 142 194
9917 11 126
9864 419 485
9985 44 233
605 16 19
890 1 9
877 4 20
834 11 18
889 14 16
879 8 19
835 12 14
805 4 11
806 2 10
921 16 18
983 43 46
893 10 14
981 38 44
958 52 55
978 12 21
935 40 43
962 30 44
996 6 22
914 11 40
944 3 10
99956 2009 5179
99984 3667 5452
99961 1421 3560
99959 3088 3231
99965 1471 4485
99970 85 5448
99994 4202 5387
99985 3687 4123
99929 3990 5162
99891 1773 2831
9972 16 178
9981 106 142
9917 174 265
9940 27 295
9946 94 387
9949 143 203
9931 143 239
9881 315 368
9884 1 15
9970 95 181
99917 3596 4801
99993 32 1302
99887 672 3255
99985 1537 2051
99956 1254 4702
99967 6788 6899
99979 3549 6642
99978 2816 8181
99987 990 5324
99962 2409 5601
949 60 68
968 15 61
987 18 42
986 20 48
969 48 53
970 1 11
991 47 50
957 76 77
975 23 39
951 28 77
99910 388 2025
99898 710 1511
99823 951 2676
99876 119 780
99930 2027 2321
99932 1275 1524
99921 314 1631
99929 1033 2559
99958 1477 1756
99854 1632 1653
9784 57 139
9420 1 41
9959 45 90
9961 82 125
9975 159 176
9861 26 115
9784 36 40
9848 2 72
9877 105 112
9962 136 176
99976 6214 6947
99981 1120 7539
99960 1426 3771
99878 1303 7195
99995 3107 7571
99986 4221 6574
99966 3749 3767
99957 2043 3380
99946 5290 7970
99951 2839 7864
9954 50 147
9941 301 515
9981 411 944
9955 307 659
9988 62 907
9990 164 903
9985 372 549
9962 274 627
9976 566 777
9991 159 794
991 5 84
994 23 87
979 70 79
966 33 51
980 65 93
969 1 76
960 7 39
999 59 75
966 96 98
981 16 89
9987 403 518
9964 18 163
9967 303 325
9940 57 125
9911 89 98
9982 450 520
9937 177 484
9907 269 598
9952 211 315
9987 400 452
9872 59 185
9711 220 276
9880 96 235
9937 7 67
9951 157 263
9862 97 254
9890 226 289
9924 16 69
9906 163 165
9939 60 74
99977 7591 8612
99973 213 8075
99934 4105 5129
99985 1016 6102
99962 8019 8667
99933 2537 8248
99974 5117 5877
99968 2341 6756
99973 6474 8500
99994 1094 6467
9981 43 496
9954 369 844
9976 110 570
9955 102 283
9987 40 225
9988 99 103
9986 423 625
9982 61 486
9938 103 722
9990 385 642
872 23 27
960 13 14
916 21 27
888 19 21
905 6 9
971 10 21
853 15 21
835 2 7
937 4 15
900 19 29
99943 1302 2400
99927 51 1482
99887 672 1697
99902 3021 3304
99963 3187 3363
99862 1140 3411
99766 1459 2017
99929 297 857
99980 3354 3864
99970 1776 1797
755 5 8
683 3 4
759 7 8
996 2 10
777 2 6
660 6 10
850 7 9
766 3 4
722 3 5
968 8 9
966 44 48
967 20 27
951 18 27
985 16 53
985 25 53
982 52 55
965 22 34
978 33 35
971 68 69
948 38 42
9965 55 502
9999 79 81
9984 29 208
9992 128 146
9986 347 448
9989 313 526
9952 1 71
9975 418 521
9929 84 488
9905 74 654
99880 5358 6710
99955 1917 3008
99938 217 1039
99956 5981 6968
99995 93 1298
99882 226 4298
99927 4023 5067
99986 4552 5133
99980 869 6341
99969 1179 1388
899 13 33
948 12 13
976 1 21
876 26 35
912 27 49
982 9 48
986 25 35
974 42 50
941 7 22
996 33 44
