9999970 269688 461092
9999945 193181 305690
9999977 473254 552914
9999924 306428 408539
9999951 73107 334736
9999953 494080 630852
9999993 91047 670957
9999937 313217 337057
9999935 431772 467849
9999978 289596 656301
9999998 195935 259107
9999963 6307 318362
9999973 402005 547372
9999936 335802 380166
9999909 375542 687832
9999953 549005 675479
9999969 78306 559494
9999988 185918 446189
9999979 159615 699329
9999940 357976 439890
9999973 383609 475631
9999913 481965 579983
9999985 151002 348736
9999995 253923 349549
9999959 165024 505674
9999916 266638 585722
9999983 248935 625177
9999967 413082 621837
9999959 569777 576389
9999950 573687 626234
9999997 21718 373290
9999979 417226 490575
9999997 82561 339012
9999980 338052 686462
9999972 359839 449332
9999966 162852 655250
9999976 82700 372589
9999991 374712 588222
9999963 246895 633686
9999972 607687 688381
9947 519 580
9971 537 771
9962 102 683
9957 305 676
9994 162 188
9978 142 502
9948 394 756
9989 510 556
9967 217 299
9970 222 527
9959 432 763
9877 234 523
9952 98 421
9965 161 193
9948 10 132
9969 109 142
9950 45 250
9981 150 471
9960 388 529
9981 56 166
9987 335 494
9960 370 601
9972 354 770
9989 308 456
9935 341 450
9963 292 315
9985 447 544
9950 233 694
9956 369 737
9973 383 455
9989 339 572
9984 288 712
9990 187 205
9988 573 757
9972 520 590
9984 495 588
9976 733 745
9978 402 729
9977 317 339
9978 262 488
9987 19 220
9912 9 25
9954 167 234
9790 194 262
9899 65 94
9924 83 105
9921 3 182
9829 223 291
9923 180 234
9913 63 244
9945 46 170
9900 156 239
9920 5 17
9941 171 226
9962 115 225
9974 106 203
9918 100 142
9957 144 242
9937 248 253
9754 138 142
9968 3 99
9893 130 246
9922 41 70
9942 4 139
9877 96 264
9980 204 245
9887 83 148
9955 79 265
9932 95 153
9921 47 164
9822 175 187
9961 176 300
9910 112 237
9978 11 48
9957 13 193
9940 51 217
9974 88 90
9814 186 251
9928 18 282
9847 121 124
9999994 54790 187341
9999993 439584 475339
9999974 291578 460367
9999996 104915 649091
9999950 80218 761667
9999983 232690 524119
9999976 773367 814478
9999976 121575 347790
9999975 115767 688383
9999972 92702 178352
9999990 45104 466706
9999941 450874 489370
9999943 236479 329664
9999982 435978 474347
9999989 650933 725822
9999940 117561 566515
9999984 349896 756375
9999985 180499 723650
9999978 201733 266459
9999983 73038 124051
9999957 208104 569096
9999957 768871 930780
9999990 345585 465605
9999983 643845 677130
9999990 515676 805717
9999980 57287 62210
9999968 376557 493008
9999987 152325 293901
9999988 407524 487823
9999967 321346 576769
9999971 577536 780096
9999971 718945 970854
9999979 228598 521748
9999968 90835 665954
9999976 536590 656539
9999942 488191 713828
9999992 458676 464663
9999984 136746 890972
9999953 861141 930729
9999980 608963 845859
926 4 5
709 5 8
771 2 5
953 4 9
638 1 6
300 5 6
613 5 7
799 8 9
729 1 3
693 4 10
788 1 5
848 8 10
925 5 9
696 4 7
697 5 8
881 7 9
598 2 6
630 7 8
833 3 5
987 3 7
769 7 10
752 1 5
775 6 9
907 1 5
675 7 8
846 2 5
563 1 5
888 6 10
630 7 8
576 4 5
822 2 6
855 2 5
718 5 9
720 5 6
907 3 10
792 4 5
521 5 6
728 1 9
529 7 9
907 3 5
989 4 42
984 20 95
974 4 75
988 16 58
984 48 90
986 62 78
934 4 19
986 32 93
991 63 68
964 25 68
952 48 63
971 20 59
991 26 33
982 70 71
982 34 67
990 34 79
977 3 16
993 17 63
981 28 29
982 62 86
967 76 98
956 55 83
997 8 87
950 14 19
992 44 50
958 63 89
932 20 55
965 26 45
973 70 99
968 73 91
984 41 42
976 56 59
965 47 100
947 85 93
985 19 44
971 69 93
963 73 96
950 9 11
977 74 75
965 78 80
9847 26 164
9756 32 105
9772 33 46
9738 19 95
9745 62 75
9979 19 31
9941 18 20
9949 22 116
9809 49 70
9898 26 58
9950 6 71
9895 46 98
9852 66 135
9944 96 97
9960 31 69
9878 87 151
9936 79 163
9911 25 183
9824 86 140
9952 48 92
9770 65 144
9774 49 74
9821 83 121
9915 107 109
9920 59 95
9677 116 138
9927 179 196
9927 92 181
9688 66 96
9912 61 119
9967 82 157
9894 152 157
9957 38 71
9921 36 132
9921 99 101
9789 164 197
9830 114 183
9892 38 52
9828 42 112
9921 71 182
9949 136 500
9914 187 309
9980 291 379
9976 59 388
9950 117 143
9971 218 425
9983 203 421
9948 158 305
9924 302 478
9963 71 190
9982 231 393
9839 437 479
9938 188 322
9820 89 218
9957 38 172
9953 69 142
9883 198 243
9943 337 466
9912 91 149
9880 224 330
9984 217 407
9935 75 175
9902 58 102
9902 42 165
9922 47 236
9932 56 96
9924 273 294
9944 113 261
9936 107 347
9963 133 432
9920 172 202
9974 190 338
9933 370 451
9979 67 97
9966 15 152
9969 41 353
9913 280 342
9953 145 245
9991 76 229
9950 212 371
999881 3129 17139
999951 20394 27132
999876 1973 35275
999969 23455 23688
999977 7194 12173
999972 11694 31666
999930 23114 42537
999927 26399 30987
999791 27474 43454
999951 18709 34050
999952 27708 43635
999943 17990 38692
999989 917 3649
999983 4593 18550
999932 4923 38861
999919 26654 27991
999938 12588 14129
999981 37193 39289
999906 6795 8483
999966 15578 48189
999970 13738 20596
999990 9999 37274
999960 41222 46077
999965 645 24925
999950 4923 28103
999928 41834 49215
999917 26917 48956
999951 2157 14882
999963 4028 35027
999878 9052 34806
999929 25264 36138
999948 22359 48855
999929 104 40880
999868 33858 40398
999990 19551 39922
999872 36946 44305
999969 2432 3970
999895 31250 42361
999978 11104 14140
999985 20227 39937
99981 232 1933
99769 608 876
99968 289 1814
99897 627 1260
99914 373 388
99965 624 1719
99970 23 1024
99867 877 915
99554 82 392
99916 206 699
99940 1345 1824
99893 118 1611
99971 769 1410
99803 562 878
99846 1463 1598
99869 224 565
99975 1244 1488
99777 382 847
99987 442 966
99920 122 287
99838 827 852
99837 1393 1798
99783 1014 1508
99853 732 990
99746 473 1550
99884 42 1064
99963 271 1516
99974 1274 1288
99792 362 1911
99859 416 1585
99877 98 533
99939 840 996
99883 854 1391
99954 1029 1771
99873 448 1682
99793 31 1403
99962 1318 1739
99939 420 785
99925 64 1170
99960 405 949
9870 262 402
9983 363 427
9979 292 401
9974 127 323
9961 166 607
9958 517 559
9931 312 404
9973 19 236
9971 366 522
9967 46 88
9976 169 639
9952 285 367
9920 259 448
9984 343 388
9950 354 488
9981 467 591
9972 532 596
9960 298 639
9940 35 259
9961 212 561
9984 99 335
9947 261 349
9978 19 72
9990 128 132
9912 133 265
9938 1 325
9931 88 281
9969 194 265
9983 58 447
9952 77 240
9961 474 484
9962 80 483
9917 348 571
9980 250 640
9987 183 626
9969 207 301
9982 47 599
9971 38 624
9954 52 355
9989 21 75
999931 55631 68231
999904 17463 32415
999965 34330 49819
999988 27877 34877
999985 13806 46409
999942 39639 45523
999980 9355 50208
999991 41039 51693
999948 12963 13043
999979 32404 55400
999981 33486 68748
999917 2912 14470
999985 51249 69018
999934 44621 64435
999985 23179 62067
999979 28205 56740
999982 10013 35789
999982 5968 66909
999972 41800 63984
999841 5311 17693
999980 13509 36439
999954 4681 42189
999977 42146 59773
999975 14982 32172
999983 25276 40607
999943 20435 22165
999992 31804 61381
999954 14002 39054
999949 26803 47232
999961 51058 64523
999964 42701 47197
999958 8337 25315
999971 7942 30003
999877 31250 43593
999980 3498 51954
999942 49418 51240
999935 10492 20853
999972 13491 63704
999980 17691 30232
999958 10884 12497
99920 624 2095
99863 610 720
99816 969 2517
99929 827 2017
99945 1070 3638
99969 654 1249
99951 1243 1965
99918 2555 3473
99892 826 1577
99960 320 2400
99888 2619 2884
99961 1908 2973
99899 697 3352
99957 846 848
99896 1980 2244
99902 3077 3444
99850 899 1112
99973 82 1978
99946 1596 3247
99905 515 866
99882 1667 1690
99921 804 1216
99959 275 2357
99935 223 1939
99852 612 3278
99939 2784 2884
99980 1410 3424
99917 416 822
99884 2019 2531
99948 1081 1942
99957 946 2258
99968 665 2596
99846 631 1498
99910 2552 2632
99993 825 3679
99860 2366 2621
99968 2373 3227
99934 518 2342
99982 1425 2522
99988 50 103
99986 3296 4474
99976 288 4915
99954 1134 5267
99969 937 1215
99970 6378 6887
99955 1491 5603
99972 510 4939
99926 4601 5346
99978 1070 4117
99983 3984 4735
99988 1443 2237
99973 2198 2493
99989 2456 3970
99974 1769 3333
99950 3104 3144
99988 1264 3390
99957 3718 3870
99970 4113 6639
99995 687 4538
99978 8 3620
99934 492 3822
99959 2612 2972
99960 3263 6520
99957 3309 6533
99983 2650 5564
99972 1242 4592
99966 658 2471
99980 2375 4505
99960 3703 6621
99984 2997 3822
99968 1470 2045
99932 276 550
99984 2006 2660
99951 4583 6886
99978 1589 5282
99970 1653 6013
99979 3243 3790
99944 2090 4770
99973 3643 6216
99941 407 3492
999963 22170 75505
999961 48627 49028
999961 23717 27360
999959 50524 51284
999965 50788 84724
999951 9424 49245
999951 7591 61173
999972 11925 21389
999989 25277 35574
999962 55675 83565
999970 67775 77613
999997 2888 67667
999962 46954 59349
999967 11652 82805
999984 75083 75883
999987 31269 59206
999989 24490 62617
999976 3733 42410
999977 42208 60577
999968 2750 40229
999988 53869 98956
999961 66507 92043
999956 14367 84896
999986 76265 91123
999982 10289 48754
999976 28139 76478
999995 79394 84948
999976 63854 85034
999972 53209 71671
999953 40525 60215
999989 7115 67694
999967 45726 72628
999994 44813 64332
999972 53615 63189
999979 1025 4719
999949 57833 76736
999946 54563 87089
999979 43547 48257
999993 21518 90720
999995 8787 61598
999980 13538 25042
999802 5326 16569
999818 7530 20431
999967 16345 22439
999928 11553 16617
999974 7496 9322
999890 21439 26627
999971 27117 29248
999916 4420 11138
999962 3128 3897
999824 23344 24672
999967 651 3293
999866 9831 15650
999919 5989 7792
999785 19120 25816
999886 14810 19032
999907 9598 11268
999846 19708 24966
999881 17499 26244
999830 15146 16163
999963 20042 28653
999940 24668 29519
999966 11295 25633
999957 10787 24895
999918 24957 25262
999921 24478 28866
999914 1749 12127
999961 465 20305
999906 2635 19943
999790 12598 16665
999952 19956 29500
999989 14692 29556
999888 13527 26044
999924 18187 22373
999915 4941 21308
999973 6336 27116
999954 13469 15870
999785 1654 3656
999966 10850 26408
999951 11961 17352
9999925 100747 226727
9999914 276222 356730
9999950 70401 100349
9999933 303916 315754
9999949 1405 265298
9999931 74462 117871
9999876 275723 384136
9999926 51682 160933
9999948 76041 92121
9999926 227240 257334
9999969 43491 225567
9999994 184213 319885
9999966 136723 186923
9999941 44415 55690
9999826 204343 240329
9999980 382812 390111
9999924 237804 263975
9999957 77153 325754
9999982 133220 253772
9999961 78631 246071
9999871 147512 173193
9999964 165203 165234
9999866 90536 109634
9999813 88194 253229
9999908 105738 172082
9999928 60284 186673
9999857 192841 317765
9999966 204452 393601
9999942 204359 396682
9999946 25958 181409
9999974 92501 232997
9999946 160984 314903
9999906 157922 244905
9999894 588 44430
9999980 4131 8266
9999946 6370 327257
9999961 185245 258278
9999880 111406 152584
9999989 26888 200886
9999933 18246 210998
989 31 77
983 8 32
971 18 45
950 50 52
987 2 25
919 33 35
985 11 69
954 13 20
956 14 20
899 60 64
986 4 58
978 35 76
973 1 41
968 66 75
978 24 34
993 26 48
996 39 41
973 74 75
909 15 16
947 15 37
983 62 68
989 27 34
970 59 67
957 10 63
977 8 10
989 30 31
924 24 74
960 31 62
975 16 30
981 29 76
941 26 27
977 22 37
953 62 64
993 23 45
987 12 28
984 28 76
962 27 72
951 53 76
971 37 77
987 13 77
9999844 16401 29364
9999884 77593 84403
9999936 57403 182531
9999917 19040 147784
9999789 45404 122232
9999777 6630 57727
9999925 43270 51972
9999791 89728 185419
9999879 25861 102547
9999894 59882 111137
9999924 88345 183729
9999894 67112 167806
9999885 119351 183419
9999621 33846 66637
9999973 114883 123027
9999979 147538 172841
9999976 103697 165889
9999866 64760 86473
9999966 84204 165058
9999936 12184 197110
9999847 78860 147707
9999823 80590 114703
9999917 93395 102838
9999860 339 100536
9999917 137958 150506
9999825 69167 74834
9999915 101188 199052
9999880 7393 121731
9999738 68835 195511
9999752 98714 147554
9999807 80520 91971
9999844 13283 78765
9999892 113625 185985
9999749 14347 27975
9999869 65246 150492
9999924 3534 91379
9999977 16069 99915
9999952 40288 111934
9999978 58082 142622
9999935 15812 178735
999982 12549 20259
999971 32816 73107
999988 19529 34720
999958 76628 77696
999996 51447 67261
999912 18912 19974
999978 3186 8810
999980 39558 45948
999997 44492 53482
999993 78583 79243
999973 13968 19019
999978 16112 36689
999960 23235 34473
999971 36239 61141
999998 39963 77598
999983 69352 72885
999950 15916 33338
999976 29485 41140
999936 30623 42176
999968 54837 68030
999949 12929 54011
999947 15695 60761
999992 24043 54622
999976 54455 67306
999926 49353 79010
999986 18518 77011
999996 60401 68981
999969 10751 23211
999939 16455 54077
999980 34134 39795
999981 23944 35569
999968 19117 76130
999964 58586 72300
999964 1114 40709
999969 37185 47214
999946 44163 52964
999937 15703 43350
999987 42691 47428
999986 11373 77418
999957 11416 32444
99896 4445 4978
99977 4144 7264
99942 244 7584
99978 6140 7559
99992 48 1792
99976 7288 7449
99971 2897 4165
99987 2642 6239
99969 5794 7538
99979 1956 2056
99965 5518 6193
99946 2756 6227
99986 494 723
99986 1542 5468
99913 4014 5526
99877 2408 2838
99953 2209 6070
99971 3511 5247
99995 573 3198
99942 240 6318
99976 4231 6290
99955 2272 2608
99980 3687 7974
99977 3392 3410
99990 1463 7285
99968 5262 5913
99977 183 3819
99977 1951 3079
99974 3929 5610
99950 3628 4192
99980 54 6790
99985 2343 7912
99950 2696 4550
99940 3784 4786
99973 1636 5283
99971 757 2280
99911 683 1155
99949 3166 7276
99985 1442 5661
99951 1968 6009
9999971 330168 709339
9999991 113615 215215
9999971 213768 312940
9999922 539386 666366
9999959 334597 428754
9999988 120996 676744
9999959 17070 405882
9999977 626303 701361
9999942 436930 594277
9999952 581569 639600
9999960 217812 581936
9999993 441848 466587
9999970 351796 691081
9999979 291091 582382
9999994 699386 764221
9999935 42208 45393
9999973 91149 135287
9999945 37256 131054
9999989 88033 326119
9999984 69473 524976
9999952 105725 506898
9999975 136102 244340
9999987 67017 753980
9999977 316842 501226
9999953 11476 639185
9999929 87934 413859
9999973 436075 457082
9999961 614997 616206
9999940 393034 602235
9999948 62795 77408
9999995 184051 768669
9999947 431172 743269
9999966 619618 738380
9999976 231729 778274
9999957 87554 262774
9999924 277993 433620
9999983 26598 679736
9999987 293517 568100
9999961 94733 632131
9999958 634319 685921
99859 634 2067
99908 576 1578
99887 735 1950
99895 1182 1953
99973 2188 2825
99958 4 2894
99924 27 69
99898 522 2388
99897 637 1984
99903 2585 2691
99926 1105 1945
99891 2224 2560
99877 1848 1967
99970 809 2025
99963 271 1544
99867 913 1086
99904 1604 2066
99983 965 1302
99979 2349 2431
99939 134 1708
99941 2029 2928
99953 277 2872
99908 741 2214
99826 401 2494
99834 1692 2076
99979 2376 2818
99838 40 1732
99921 2255 2649
99884 1219 2067
99950 776 1793
99822 413 1426
99953 585 1942
99911 317 554
99874 436 2796
99899 430 841
99872 1386 2576
99903 779 1076
99947 1897 2245
99908 141 1745
99959 1323 1406
99994 793 3221
99827 467 1776
99870 4356 4940
99975 519 2814
99971 2648 3080
99934 2351 3373
99988 226 349
99969 1948 2177
99956 1803 3104
99971 2081 2388
99966 2301 4501
99959 3324 3397
99922 1263 4354
99977 1538 2395
99966 446 2743
99951 1891 3593
99977 1183 3402
99994 2072 3631
99944 3305 3569
99949 3172 4216
99969 4074 4718
99941 1864 4748
99935 2009 3129
99905 2143 3971
99947 80 1682
99896 1773 4729
99992 1725 4254
99894 1206 1885
99906 338 4181
99963 847 2198
99985 204 3092
99980 2571 4941
99942 3449 4046
99949 3935 4128
99975 2227 3662
99979 1184 1605
99885 196 790
99925 3497 3516
99911 1150 2011
99933 1253 1424
999937 71606 84038
999968 7679 67230
999973 52228 76961
999988 17981 18077
999928 56326 70680
999988 42360 87327
999976 78799 87453
999978 4771 38267
999975 17565 52651
999985 33229 48616
999984 57322 64848
999974 22599 28126
999964 3457 89154
999959 46754 52397
999980 18626 86835
999973 1048 15634
999932 4465 81832
999977 60225 74053
999939 46060 70211
999934 7385 14857
999969 41121 47371
999920 38587 60384
999995 44645 82038
999927 1345 16564
999994 53071 85844
999984 3581 7394
999959 62232 71916
999971 56021 72924
999972 66757 84611
999943 39141 77125
999992 47547 52322
999969 71476 80001
999979 4314 20587
999944 55901 87966
999971 42705 52934
999968 61564 63976
999971 50880 76762
999934 1872 30778
999968 40123 51295
999957 24153 56138
99980 7249 8470
99992 4531 9500
99993 2626 5663
99969 6643 9514
99987 4843 9493
99981 3354 7994
99991 2773 3688
99994 1475 2419
99988 3120 3385
99985 1998 9201
99986 4175 4780
99975 4890 6415
99997 3129 9686
99989 1813 6346
99935 7323 7954
99971 5673 5716
99978 4950 6178
99974 5169 7359
99932 7753 8832
99978 4971 7478
99994 2047 4012
99963 7811 8645
99982 4291 5417
99985 8576 9054
99966 3932 4584
99983 677 1193
99979 2941 3767
99885 4243 6214
99962 1169 1815
99993 3381 5892
99991 1171 6526
99986 2228 6844
99989 1482 3614
99963 691 8568
99994 5681 6539
99978 1732 6722
99977 1744 8075
99954 6572 8318
99966 1047 7455
99955 4730 5870
986 49 67
951 1 8
978 1 25
948 22 44
995 3 39
968 53 59
985 86 90
937 21 42
948 32 39
924 55 61
897 4 37
982 31 88
931 56 57
996 43 67
957 3 33
964 15 28
969 62 74
978 3 6
929 51 61
942 6 28
977 44 63
930 47 78
991 24 62
975 86 87
957 12 20
930 35 75
967 4 82
981 32 63
976 72 79
984 15 88
936 46 63
968 60 89
978 83 87
978 8 51
960 19 64
991 11 69
966 44 49
984 13 34
988 19 41
958 51 69
955 47 55
981 12 39
979 8 30
950 42 53
946 43 60
972 32 56
968 13 59
993 13 54
983 40 51
971 34 58
912 5 29
939 16 27
892 44 48
949 13 27
961 13 48
914 11 20
968 29 31
976 9 12
949 44 51
982 52 54
938 31 50
979 33 46
958 46 47
942 3 12
946 11 19
985 40 44
973 11 20
973 29 55
966 35 41
986 12 38
961 4 27
960 13 20
966 18 36
942 33 37
920 7 31
987 24 32
856 33 45
896 33 47
962 38 43
974 1 32
99992 2468 8403
99966 7693 8902
99937 5825 7381
99962 4147 8660
99992 5520 8269
99981 6603 6691
99955 6574 8612
99972 6812 8723
99979 4356 8692
99992 3286 6341
99928 1856 2920
99979 6482 7733
99987 6263 6567
99972 3293 7963
99998 3316 8284
99946 1569 2523
99957 1739 6339
99983 1217 3205
99967 5072 7686
99967 346 6595
99945 1987 2043
99935 8571 8618
99972 5079 8191
99941 3558 5022
99956 845 980
99937 257 2116
99975 1331 1675
99978 262 3836
99969 2020 3858
99981 3069 8932
99980 5023 7762
99966 3661 4363
99961 4887 7837
99996 7259 8606
99976 448 2456
99980 981 4632
99974 4975 6546
99941 4741 8804
99991 3902 3994
99981 670 8101
9924 79 422
9922 320 345
9994 302 479
9968 146 552
9966 146 194
9934 587 596
9984 102 465
9944 256 402
9962 46 218
9982 64 192
9937 5 87
9945 291 326
9960 96 185
9993 134 537
9912 384 584
9945 221 295
9967 300 314
9913 144 204
9997 266 442
9979 110 214
9946 299 454
9965 15 279
9972 44 533
9968 360 379
9906 395 513
9960 52 60
9983 191 205
9957 186 281
9916 444 460
9943 403 587
9924 258 363
9976 192 236
9946 8 131
9976 513 527
9933 380 384
9929 88 402
9941 300 313
9966 475 497
9964 139 297
9898 117 150
9999997 112660 132354
9999921 469299 483976
9999951 87102 120835
9999957 38312 440449
9999983 231344 499496
9999946 239678 295680
9999983 70667 291541
9999962 47402 479851
9999973 55047 101505
9999980 394181 401498
9999970 177274 425355
9999807 69426 144080
9999950 488266 496300
9999961 224269 358681
9999958 98522 283823
9999970 411533 442643
9999988 177958 200910
9999995 190646 377799
9999882 203987 424855
9999988 20479 230738
9999963 192309 462803
9999941 341243 357630
9999961 89120 144713
9999960 2204 162887
9999927 414145 457116
9999883 134608 222290
9999936 73647 74939
9999965 34500 187426
9999904 383623 441993
9999921 41759 331300
9999940 66359 103738
9999881 175368 224952
9999989 164425 295522
9999943 32262 308973
9999958 327778 490117
9999979 287482 391162
9999918 95978 112682
9999959 112061 127709
9999942 355809 413503
9999962 240535 413571
99969 2060 2951
99987 458 2144
99936 68 1092
99959 3151 3722
99955 646 2848
99919 5099 5198
99992 1375 1472
99966 2283 3447
99987 1144 4065
99963 3608 5787
99870 4836 5432
99916 4718 5217
99983 761 5609
99947 1888 3234
99972 2293 4304
99856 1775 2636
99984 32 232
99899 4693 4735
99902 2013 2723
99922 1861 2018
99907 2680 3162
99958 386 643
99926 2854 3131
99876 662 3483
99973 548 1840
99975 2700 3320
99918 5056 5829
99953 3363 5554
99977 2277 2477
99881 630 1255
99953 1040 5203
99934 283 5969
99985 4780 5577
99970 1575 1603
99968 3483 5799
99981 2451 2909
99975 1776 2241
99948 2433 3886
99890 1564 3634
99974 2993 5691
9986 372 866
9994 33 718
9963 815 866
9981 8 445
9989 569 750
9968 279 880
9922 26 181
9976 273 388
9941 392 425
9977 561 852
9983 12 631
9962 165 333
9980 251 498
9983 473 644
9947 83 94
9958 260 851
9986 224 313
9991 553 674
9987 219 226
9983 372 709
9985 444 600
9973 289 469
9988 240 504
9950 814 816
9973 423 663
9969 258 475
9965 39 410
9990 129 153
9981 127 665
9962 249 307
9994 473 513
9982 673 675
9985 518 724
9971 161 528
9970 404 429
9953 496 632
9992 484 550
9958 332 342
9985 551 813
9960 241 834
9967 63 80
9921 30 37
9966 45 279
9859 88 143
9938 341 390
9846 127 173
9979 10 40
9992 75 338
9947 121 189
9916 71 372
9946 128 378
9942 161 274
9962 145 378
9950 209 247
9974 82 381
9915 230 260
9960 146 150
9970 206 266
9964 7 216
9986 296 370
9915 33 294
9971 275 367
9968 153 333
9942 113 126
9830 54 108
9970 246 265
9976 192 357
9919 15 86
9973 345 354
9924 270 355
9850 187 370
9927 28 188
9953 34 319
9952 86 257
9830 315 373
9913 121 314
9909 82 337
9979 140 356
9895 170 214
9927 59 160
9978 239 665
9973 322 784
9970 707 899
9958 76 350
9985 530 839
9979 135 650
9948 499 711
9968 145 361
9976 101 732
9986 2 513
9979 124 306
9982 358 435
9957 552 945
9983 225 267
9995 318 822
9997 633 647
9982 114 677
9976 379 610
9969 596 827
9989 99 305
9968 230 516
9972 56 122
9973 290 658
9992 548 986
9983 206 338
9979 176 184
9989 374 913
9945 535 560
9984 622 822
9971 404 437
9990 93 667
9978 800 832
9972 416 776
9987 413 415
9985 171 607
9977 300 467
9987 630 756
9959 682 962
9982 128 204
9986 465 531
957 24 36
944 16 46
933 13 62
948 33 44
971 62 63
933 25 56
932 33 55
969 23 62
980 6 61
991 5 44
952 24 27
941 19 22
943 18 20
850 36 49
972 36 54
976 14 69
974 19 22
957 50 60
965 14 36
993 30 37
972 6 43
989 55 56
971 22 66
987 9 67
947 29 56
957 8 53
959 4 43
981 17 56
982 2 44
963 9 33
920 38 64
930 22 47
947 21 60
991 20 26
974 50 69
951 62 67
913 22 23
986 38 68
976 50 62
922 24 29
985 5 27
916 31 33
969 1 22
988 5 20
902 9 19
975 28 37
920 14 22
877 4 18
933 9 23
964 32 38
930 13 20
927 7 21
885 11 12
984 10 15
940 25 39
962 3 33
952 27 31
956 3 21
929 1 19
913 26 39
932 10 25
983 22 34
929 3 22
982 5 10
856 18 24
969 21 35
970 11 39
967 13 26
931 1 28
918 23 32
991 16 17
929 16 29
954 13 22
902 6 8
939 5 17
888 8 27
988 12 24
867 34 36
945 21 40
983 12 26
970 2 16
969 22 29
935 10 13
887 16 20
994 20 24
944 9 17
988 4 27
942 9 16
982 10 17
933 15 22
895 7 10
925 9 22
920 14 21
828 6 27
984 2 5
985 5 21
949 4 28
930 3 16
963 17 26
934 5 6
910 16 17
885 1 18
972 11 14
839 20 29
920 6 14
964 19 26
954 1 16
940 2 23
928 11 20
881 3 4
832 15 27
900 20 26
960 1 17
911 13 18
878 21 27
984 4 11
927 8 28
930 5 18
938 6 13
887 19 30
868 5 16
813 7 8
857 11 12
924 1 20
716 1 11
794 5 13
857 18 19
835 5 9
826 14 15
905 8 16
975 7 8
895 1 12
807 4 17
684 12 14
931 2 14
706 1 17
939 4 6
908 11 16
741 10 11
905 13 19
965 9 11
930 11 19
885 5 18
822 5 14
890 7 8
846 3 6
978 7 14
730 7 11
875 15 18
766 2 10
667 3 13
996 14 15
956 6 18
948 13 20
753 12 18
914 13 17
845 11 15
915 14 16
762 2 14
969 1 19
999851 5058 9370
999934 6609 11844
999896 13906 16368
999818 17273 19794
999778 7429 15311
999887 2313 10954
999820 1585 9789
999797 8508 13333
999847 1226 4223
999790 5009 7308
999867 16402 19410
999655 5507 8655
999492 11452 17467
999899 2799 4864
999784 1518 7624
999923 1644 5472
999721 15172 15819
999838 10072 19661
999932 18392 19093
999802 11377 14372
999954 4544 19135
999780 3836 11689
999908 5576 13532
999724 1746 14660
999794 9431 17932
999801 5069 16340
999856 529 559
999923 13262 16514
999872 85 4590
999886 4847 8528
999854 4622 7201
999812 5214 17876
999915 11621 14180
999951 5799 7889
999806 5716 9541
999983 16354 17024
999910 3095 4743
999886 2796 10440
999903 12646 16504
999808 5428 7764
961 35 43
927 30 37
960 37 46
988 3 33
925 29 30
970 19 22
973 1 2
969 25 47
971 4 23
972 7 32
889 2 13
930 33 41
874 32 33
968 29 35
919 18 35
917 24 27
993 31 44
916 2 10
957 6 37
842 35 41
983 28 48
973 23 39
979 4 19
984 8 46
955 3 19
983 13 22
817 24 32
988 23 39
995 13 25
917 42 45
920 1 27
929 19 28
933 4 50
944 38 48
991 16 26
921 27 28
966 9 23
967 36 44
996 16 21
968 37 43
9999898 41889 284351
9999862 118328 143441
9999984 40014 198776
9999852 275477 299204
9999826 76347 172092
9999978 8857 27987
9999923 54469 224948
9999899 70228 181396
9999886 49473 239920
9999962 88418 263917
9999937 37080 42914
9999857 157878 160978
9999947 70779 213245
9999975 26656 270625
9999910 93947 154844
9999939 224365 239923
9999885 13622 224632
9999811 57207 167854
9999939 100508 181844
9999882 109826 293996
9999982 221163 240630
9999940 241186 283465
9999846 147960 299696
9999894 71434 270617
9999771 96768 126292
9999834 67769 105147
9999970 137990 174368
9999848 185152 241445
9999925 147294 204461
9999903 73844 97458
9999749 179264 218133
9999938 102930 292474
9999955 59531 205958
9999816 204360 235705
9999960 106028 255376
9999973 48231 282372
9999906 64705 112600
9999826 76982 257434
9999926 107164 162690
9999978 86378 271089
999963 9213 16090
999919 42558 44390
999963 11985 17029
999983 42179 55034
999969 26696 51261
999973 4469 19214
999974 3822 55693
999963 19556 31974
999943 18528 38833
999961 20414 22501
999957 32500 57846
999978 13154 28837
999935 47688 59278
999911 4894 37928
999975 14696 40394
999930 35066 41468
999928 7757 19428
999978 34733 36979
999981 3540 31564
999988 25258 25424
999973 23566 40408
999949 2488 13197
999973 27002 55876
999969 28007 46504
999967 2555 21339
999936 27812 40928
999866 31679 41019
999948 40099 48861
999948 34552 36111
999943 3992 18104
999878 37840 37883
999940 46355 49564
999953 20693 22386
999978 29380 35451
999947 27171 57603
999965 771 37689
999977 24840 37594
999979 871 39417
999966 17072 30243
999987 7961 24453
9999990 107789 194930
9999978 532297 614647
9999938 261268 403537
9999960 672041 886880
9999955 453085 502955
9999977 658115 828763
9999986 434995 643286
9999978 413082 827122
9999956 46355 89256
9999986 666242 683037
9999984 632645 822577
9999983 711105 873772
9999981 137147 867399
9999983 313258 375292
9999984 556578 580701
9999981 373400 409591
9999968 718413 871676
9999984 149582 449079
9999949 102820 285672
9999972 577614 719338
9999948 183051 230602
9999992 739956 881226
9999957 201414 598694
9999974 523987 562028
9999935 599100 659001
9999983 121430 395718
9999926 423396 694333
9999983 672361 892831
9999989 160109 741710
9999999 293004 391897
9999940 425257 555807
9999991 253883 886032
9999980 1686 394455
9999945 118182 420354
9999976 149063 653100
9999990 201900 463688
9999993 191267 829147
9999971 458347 630197
9999982 290130 667612
9999984 136421 216945
9999971 395692 486497
9999964 3466 522761
9999946 398605 538008
9999965 141345 541896
9999973 305025 588218
9999939 32466 179789
9999946 503784 541432
9999986 19924 196043
9999935 445147 544145
9999963 41696 294484
9999908 362260 553158
9999953 92903 546652
9999964 58832 65452
9999949 239615 547615
9999982 307833 595064
9999983 225803 359590
9999964 129209 252433
9999939 460275 520642
9999905 330385 533918
9999957 92543 495496
9999909 76247 91998
9999973 123233 179695
9999982 144641 258225
9999897 312317 373966
9999986 306679 424483
9999938 130330 271433
9999975 504619 561090
9999965 198515 224058
9999987 166381 362964
9999972 499771 597788
9999986 203255 479972
9999969 206095 332789
9999977 224192 518098
9999945 26903 57869
9999945 135920 221974
9999983 248756 500950
9999993 77506 414232
9999913 75758 171776
9999981 177306 509736
9999982 102620 567764
999936 15076 24237
999914 16292 23454
999922 10255 13869
999880 7852 11347
999920 20099 25737
999912 9235 33305
999922 10231 10905
999924 19620 38499
999928 7322 15322
999993 20025 20080
999928 5468 31722
999927 1958 9188
999898 33857 39636
999940 1125 5647
999840 31585 37476
999996 2787 13213
999916 11856 21635
999842 18299 22345
999975 5996 37143
999936 10770 20152
999939 8913 18749
999922 18564 36273
999965 10207 33969
999955 22513 24774
999905 23416 34467
999953 37582 38107
999958 5165 36183
999898 3589 4216
999917 25142 36341
999985 21033 30482
999941 23659 24842
999902 14710 28405
999890 9669 15327
999954 20458 32949
999862 27818 29406
999764 10327 27854
999895 18767 25940
999948 17337 24310
999914 23951 25094
999965 8025 22676
